exp: 0.832372
ring: 0.832734
star: 0.822177
random: 0.829124
